$ 1 0.000005 10.20027730826997 50 5 43 5e-11
w 368 160 304 128 0
w 304 160 304 176 0
f 256 144 304 144 32 1.5 0.02
f 256 192 304 192 32 1.5 0.02
r 304 128 304 112 0 1000
R 304 112 304 64 0 0 40 5 0 0 0.5
g 304 208 304 224 0 0
207 128 112 96 112 4 A
174 144 128 144 96 1 1000 0.005 Resistance
g 144 128 144 144 0 0
R 144 96 144 64 0 0 40 5 0 0 0.5
207 256 144 224 144 5 A
R 144 208 144 176 0 0 40 5 0 0 0.5
174 144 240 128 224 1 1000 0.9950000000000001 Resistance
207 128 224 96 224 5 B
207 256 192 224 192 4 B
207 112 320 80 320 4 B
g 160 336 160 352 0 0
f 112 320 160 320 32 1.5 0.02
R 160 288 160 240 0 0 40 5 0 0 0.5
r 160 304 160 288 0 1000
w 160 304 240 336 0
r 176 400 176 384 0 1000
R 176 384 176 336 0 0 40 5 0 0 0.5
w 176 400 208 400 0
f 128 416 176 416 32 1.5 0.02
g 176 432 176 448 0 0
207 128 416 96 416 4 A
g 272 352 272 368 0 0
R 272 304 272 272 0 0 40 5 0 0 0.5
r 272 320 272 304 0 1000
w 272 320 304 320 0
g 304 352 304 368 0 0
c 304 352 304 320 0 0.00001 -4.9997119854522785 0.001
f 240 336 272 336 32 1.5 0.02
w 240 336 208 400 0
w 304 320 368 208 0
w 672 0 832 0 0
g 640 32 640 48 0 0
R 640 -16 640 -48 0 0 40 5 0 0 0.5
r 640 0 640 -16 0 1000
w 640 0 672 0 0
g 672 32 672 48 0 0
c 672 32 672 0 0 0.00001 -4.999778566929473 0.001
f 608 16 640 16 32 1.5 0.02
w 544 128 640 128 0
g 416 224 416 240 0 0
g 512 160 512 176 0 0
R 512 112 512 80 0 0 40 5 0 0 0.5
r 512 128 512 112 0 1000
w 512 128 544 128 0
g 544 160 544 176 0 0
c 544 160 544 128 0 0.00001 -4.998753781265742 0.001
f 480 144 512 144 32 1.5 0.02
R 416 128 416 80 0 0 40 5 0 0 0.5
r 416 144 416 128 0 1000
f 368 208 416 208 32 1.5 0.02
f 368 160 416 160 32 1.5 0.02
w 416 176 416 192 0
w 480 144 416 144 0
g 144 240 144 256 0 0
w 1008 128 944 128 0
w 944 160 944 176 0
f 896 144 944 144 32 1.5 0.02
f 896 192 944 192 32 1.5 0.02
r 944 128 944 112 0 1000
R 944 112 944 64 0 0 40 5 0 0 0.5
f 1008 128 1040 128 32 1.5 0.02
c 1072 144 1072 112 0 0.00001 -0.07113792955812401 0.001
g 1072 144 1072 160 0 0
w 1040 112 1072 112 0
r 1040 112 1040 96 0 1000
R 1040 96 1040 64 0 0 40 5 0 0 0.5
g 1040 144 1040 160 0 0
g 944 208 944 224 0 0
w 1072 112 1136 112 0
g 1088 16 1088 32 0 0
g 1056 16 1056 32 0 0
w 832 304 896 192 0
w 768 320 736 384 0
f 768 320 800 320 32 1.5 0.02
c 832 336 832 304 0 0.00001 -4.999775915287595 0.001
g 832 336 832 352 0 0
w 800 304 832 304 0
r 800 304 800 288 0 1000
R 800 288 800 256 0 0 40 5 0 0 0.5
g 800 336 800 352 0 0
207 656 400 624 400 4 C
g 704 416 704 432 0 0
f 656 400 704 400 32 1.5 0.02
w 704 384 736 384 0
R 704 368 704 320 0 0 40 5 0 0 0.5
r 704 384 704 368 0 1000
w 688 288 768 320 0
r 688 288 688 272 0 1000
R 688 272 688 224 0 0 40 5 0 0 0.5
f 640 304 688 304 32 1.5 0.02
g 688 320 688 336 0 0
207 784 176 752 176 4 C
g 832 192 832 208 0 0
R 832 96 832 48 0 0 40 5 0 0 0.5
r 832 112 832 96 0 1000
f 784 176 832 176 32 1.5 0.02
f 768 128 832 128 32 1.5 0.02
w 832 144 832 160 0
w 896 144 832 112 0
R 16 192 16 160 0 0 40 5 0 0 0.5
g 16 224 16 240 0 0
174 16 224 16 192 1 1000 0.9950000000000001 Resistance
207 0 208 -32 208 4 C
w 640 128 640 304 0
w 640 128 768 128 0
o 14 64 0 4099 10 0.00009765625 0 2 14 3
